%YAML 1.2
---
camera_matrix:
  cols: 3
  data: [1049.498814300884, 0, 958.9364220562668, 0, 1039.46658393463, 539.219150912612, 0, 0, 1]
  rows: 3
camera_name: camera1
distortion_coefficients:
  cols: 8
  data: [-0.1210765485413385, -0.07423518626912988, -0.0005504033272797719, -0.005491952334018495, 0.0385014477931284, 0, 0, 0]
  rows: 1
distortion_model: plumb_bob
focal_length_meters: 0
image_height: 1080
image_width: 1920
projection_matrix:
  cols: 4
  data: [1049.498814300884, 0, 958.9364220562668, 0, 0, 1039.46658393463, 539.219150912612, 0, 0, 0, 1, 0]
  rows: 3
rectification_matrix:
  cols: 3
  data: [1, 0, 0, 0, 1, 0, 0, 0, 1]
  rows: 3
